{
    "1C435217-1F56-4B14-B162-D5571841CD11/ExpandedNodes/1A87232E-0195-4800-9CA7-D9D1A5F8FEEF": "Single Rotator",
    "1C435217-1F56-4B14-B162-D5571841CD11/ExpandedNodes/2AFE0B24-C9EE-4183-8F05-21E47D909672": "Level 1",
    "1C435217-1F56-4B14-B162-D5571841CD11/ExpandedNodes/2B006979-7351-4CFA-9342-7D6533949438": "Static Meshes",
    "1C435217-1F56-4B14-B162-D5571841CD11/ExpandedNodes/58DBAED8-899B-4B8E-B0ED-127F0A5CE096": "Block Gates",
    "1C435217-1F56-4B14-B162-D5571841CD11/ExpandedNodes/5C4A5F83-B453-4743-A01C-76588AEE5994": "Arrow Up",
    "1C435217-1F56-4B14-B162-D5571841CD11/ExpandedNodes/67B91477-A57D-484C-8A16-102AB8DB1615": "Light plarform 2",
    "1C435217-1F56-4B14-B162-D5571841CD11/ExpandedNodes/ACECB965-CB36-4354-B1C6-E8589911BD36": "interface",
    "Camera/Position/X": 4.63592004776001,
    "Camera/Position/Y": 3.7460665702819824,
    "Camera/Position/Z": 8.029647827148438,
    "Camera/Rotation/W": 0.9481790065765381,
    "Camera/Rotation/X": -0.18430733680725098,
    "Camera/Rotation/Y": 0.25406381487846375,
    "Camera/Rotation/Z": 0.04938502609729767,
    "Camera/Type": 0,
    "Editor/ValueDraggerStepSize": 10,
    "SnapTypePosiotion/SnapPreset1": 1,
    "SnapTypePosiotion/SnapPreset2": 10,
    "SnapTypePosiotion/SnapPresetSelected": 0,
    "SnapTypeRotation/SnapPreset1": 45,
    "SnapTypeRotation/SnapPreset2": 90,
    "SnapTypeRotation/SnapPresetSelected": 0,
    "export/projectName": "Fumble-Fiesta"
}
