{"@class":"BaseSkinController","boneInfoCollection":[{"@class":"BoneInfo","index":0,"offset":{"values":[1.0,9.825473767932635e-15,2.3841845120387006e-07,0.0,2.375005010435416e-07,-0.08766674250364304,-0.9961497783660889,0.0,2.0901358865899056e-08,0.9961497783660889,-0.08766669780015945,0.0,-3.0359164071569467e-08,-0.6721201539039612,0.08943892270326614,1.0]}},{"@class":"BoneInfo","index":1,"offset":{"values":[1.0,-9.603429163007604e-15,9.459100169806334e-14,0.0,7.447441643416985e-14,-0.07380067557096481,-0.9972730278968811,0.0,2.4219494275780698e-14,0.9972730278968811,-0.07380063086748123,0.0,-9.035293402348543e-09,-0.8212547302246094,0.07802186906337738,1.0]}},{"@class":"BoneInfo","index":2,"offset":{"values":[1.0,9.2148511043888e-15,2.3841863594498136e-07,0.0,2.3829792894503043e-07,0.03181256353855133,-0.9994937777519226,0.0,-7.58471419004536e-09,0.9994937181472778,0.03181260824203491,0.0,-1.1530472132648129e-09,-1.051272988319397,-0.033060476183891296,1.0]}},{"@class":"BoneInfo","index":3,"offset":{"values":[1.0,6.342149028171207e-15,2.3841856489070778e-07,0.0,2.3834508056097548e-07,0.024826860055327415,-0.9996916651725769,0.0,-5.919194911996328e-09,0.9996914863586426,0.024826908484101295,0.0,-3.192907493954067e-09,-1.2243616580963135,-0.024504676461219788,1.0]}},{"@class":"BoneInfo","index":4,"offset":{"values":[1.0,3.907985046680551e-14,2.384184938364342e-07,0.0,2.2161360391237395e-07,-0.36878377199172974,-0.9295151233673096,0.0,8.792482475428187e-08,0.92951500415802,-0.3687836825847626,0.0,-1.4478393950412283e-07,-1.404181957244873,0.5693715214729309,1.0]}},{"@class":"BoneInfo","index":5,"offset":{"values":[1.0,9.769962616701378e-15,2.3841855067985307e-07,0.0,2.311539617494418e-07,-0.2449716031551361,-0.9695300459861755,0.0,5.840576733362468e-08,0.9695298671722412,-0.24497154355049133,0.0,-9.811767398559823e-08,-1.5318268537521362,0.37363874912261963,1.0]}},{"@class":"BoneInfo","index":6,"offset":{"values":[1.0,-8.130967416291462e-15,-1.30466411328925e-13,0.0,-1.2003665748015757e-13,-4.371148065729358e-08,-0.9999998807907104,0.0,2.7772221507108355e-14,0.9999997615814209,9.920174681710137e-10,0.0,-9.035308501381678e-09,-1.6229885816574097,-0.024699963629245758,1.0]}},{"@class":"BoneInfo","index":7,"offset":{"values":[0.1329694539308548,0.9911199808120728,0.00034607845009304583,0.0,-0.9911200404167175,0.13296924531459808,0.00020772333664353937,0.0,0.0001599244715180248,-0.00037064141361042857,0.9999994039535522,0.0,-0.017924565821886063,-0.01553972065448761,-1.4876755475997925,1.0]}},{"@class":"BoneInfo","index":8,"offset":{"values":[-0.12083268910646439,0.9918076992034912,-0.041433509439229965,0.0,0.11067575961351395,-0.028019050136208534,-0.9934613704681396,0.0,-0.9864833354949951,-0.12462828308343887,-0.10638334602117538,0.0,1.4580713510513306,-0.20269133150577545,0.24009472131729126,1.0]}},{"@class":"BoneInfo","index":9,"offset":{"values":[0.00863806251436472,0.9996576309204102,-0.024700703099370003,0.0,-0.08928991854190826,-0.02383202128112316,-0.9957203269004822,0.0,-0.9959678053855896,0.010806587524712086,0.08905353397130966,0.0,1.3901851177215576,-0.7357667088508606,-0.044784534722566605,1.0]}},{"@class":"BoneInfo","index":10,"offset":{"values":[-0.008034550584852695,0.9995241761207581,-0.029784318059682846,0.0,-0.07239747792482376,-0.03028871677815914,-0.9969155788421631,0.0,-0.9973430633544922,-0.005853481125086546,0.07260644435882568,0.0,1.4122803211212158,-1.2491021156311035,-0.01525927521288395,1.0]}},{"@class":"BoneInfo","index":11,"offset":{"values":[0.13296937942504883,-0.9911200404167175,-0.00034610333386808634,0.0,0.9911202192306519,0.1329692155122757,0.00020763432257808745,0.0,-0.00015982671175152063,-0.0003706691204570234,0.9999996423721313,0.0,0.017924420535564423,-0.015539659187197685,-1.4876759052276611,1.0]}},{"@class":"BoneInfo","index":12,"offset":{"values":[-0.12083272635936737,-0.9918078184127808,0.04143356904387474,0.0,-0.1106758564710617,-0.02801903896033764,-0.9934614896774292,0.0,0.9864833950996399,-0.12462837994098663,-0.10638347268104553,0.0,-1.458071231842041,-0.2026911973953247,0.2400948852300644,1.0]}},{"@class":"BoneInfo","index":13,"offset":{"values":[0.008638963103294373,-0.9996577501296997,0.024700801819562912,0.0,0.08928912878036499,-0.023832015693187714,-0.995720624923706,0.0,0.9959681034088135,0.01080741360783577,0.08905265480279922,0.0,-1.3901845216751099,-0.7357679605484009,-0.04478323459625244,1.0]}},{"@class":"BoneInfo","index":14,"offset":{"values":[-0.00803522951900959,-0.9995241165161133,0.0297843087464571,0.0,0.07239804416894913,-0.030288727954030037,-0.9969158172607422,0.0,0.9973431825637817,-0.0058541856706142426,0.07260695844888687,0.0,-1.4122816324234009,-1.249100685119629,-0.015260066837072372,1.0]}},{"@class":"BoneInfo","index":15,"offset":{"values":[0.022707317024469376,0.9597594141960144,-0.2799047529697418,0.0,-0.9977279901504517,0.003991860430687666,-0.06725389510393143,0.0,-0.06343021988868713,0.2807960510253906,0.957669198513031,0.0,0.07808596640825272,-0.19034424424171448,-0.6463321447372437,1.0]}},{"@class":"BoneInfo","index":16,"offset":{"values":[0.022707311436533928,-0.9597591757774353,0.2799043357372284,0.0,0.9977278113365173,0.003991611767560244,-0.06725393980741501,0.0,0.06343024969100952,0.2807956039905548,0.9576691389083862,0.0,-0.07808596640825272,-0.19034390151500702,-0.6463320851325989,1.0]}},{"@class":"BoneInfo","index":17,"offset":{"values":[1.0,2.0302897141277754e-08,1.9791902161614416e-07,0.0,-1.979722412670526e-07,0.002521644812077284,0.9999837279319763,0.0,1.980375152754732e-08,-0.9999969005584717,0.002520445268601179,0.0,-0.4180000424385071,0.6948917508125305,-0.01415140088647604,1.0]}},{"@class":"BoneInfo","index":18,"offset":{"values":[1.0,-3.159560435506137e-07,-7.456194595079069e-08,0.0,7.753822472977845e-08,0.009449956007301807,0.9999420642852783,0.0,-3.1523762800134136e-07,-0.9999551177024841,0.009448855184018612,0.0,-0.41799983382225037,0.24797944724559784,-0.01586979255080223,1.0]}},{"@class":"BoneInfo","index":19,"offset":{"values":[1.0,9.223700203619956e-07,3.931215360353235e-06,0.0,-1.3014361002205987e-06,-0.8479766249656677,0.5300089120864868,0.0,3.822494363703299e-06,-0.53001469373703,-0.8479883670806885,0.0,-0.4179997444152832,-0.00472976453602314,-0.038133084774017334,1.0]}},{"@class":"BoneInfo","index":20,"offset":{"values":[-1.0,4.851815997575226e-12,8.351064728628899e-09,0.0,-4.939522098637572e-13,-0.9999867677688599,1.6252026853180723e-06,0.0,8.352224689645027e-09,2.9364764486672357e-06,0.9999998807907104,0.0,0.4180000126361847,-0.09339702129364014,0.1033417209982872,1.0]}},{"@class":"BoneInfo","index":21,"offset":{"values":[1.0,2.0302895364920914e-08,1.9791897898358002e-07,0.0,-1.9797219863448845e-07,0.002521637361496687,0.9999836683273315,0.0,1.9803755080261e-08,-0.9999969005584717,0.0025204303674399853,0.0,0.4179999530315399,0.6948918700218201,-0.014151224866509438,1.0]}},{"@class":"BoneInfo","index":22,"offset":{"values":[1.0,2.1063760868855752e-07,4.470788041999185e-07,0.0,-4.490485991937021e-07,0.009449968114495277,0.9999420046806335,0.0,2.064035840021461e-07,-0.9999551773071289,0.009448859840631485,0.0,0.41799983382225037,0.247979536652565,-0.015869630500674248,1.0]}},{"@class":"BoneInfo","index":23,"offset":{"values":[1.0,-6.917697987773863e-07,-1.696743879620044e-06,0.0,3.1267964573089557e-07,-0.8479765057563782,0.5300089716911316,0.0,-1.8054673773804097e-06,-0.5300148725509644,-0.8479883670806885,0.0,0.41799983382225037,-0.004729629028588533,-0.03813207522034645,1.0]}},{"@class":"BoneInfo","index":24,"offset":{"values":[-1.0,5.081397542322508e-12,-1.6319728501912323e-07,0.0,-2.8485924014574893e-13,-0.9999867081642151,1.59539672495157e-06,0.0,-1.6319728501912323e-07,2.8768772608600557e-06,1.0000001192092896,0.0,-0.4180000126361847,-0.09339701384305954,0.10334160923957825,1.0]}}],"id":{"uuid":"9DD0E49C-3B0C-4038-8B74-D97CF3626A64"}}