{"@class":"BaseSkinController","boneInfoCollection":[{"@class":"BoneInfo","index":0,"offset":{"values":[1.0,-7.105427357601002e-15,2.384185791015625e-07,0.0,-2.0485457241647964e-07,0.5116022825241089,0.8592223525047302,0.0,-1.2197548926451418e-07,-0.859222412109375,0.5116022825241089,0.0,-1.0838390807066389e-07,-0.07970219850540161,0.45459505915641785,1.0]}},{"@class":"BoneInfo","index":1,"offset":{"values":[1.0,-7.36555032866985e-15,-1.2252417132361127e-14,0.0,0.0,0.5067024230957031,0.8621211051940918,0.0,0.0,-0.8621211647987366,0.5067024230957031,0.0,0.0,-0.4419422745704651,0.45208635926246643,1.0]}},{"@class":"BoneInfo","index":2,"offset":{"values":[1.0,-7.252797537896094e-15,-1.8330939861193642e-14,0.0,5.254537548073004e-15,0.5103702545166016,0.8599545955657959,0.0,3.118490073445346e-15,-0.8599545955657959,0.5103703141212463,0.0,2.7863621020798304e-15,-0.9211227297782898,0.45601439476013184,1.0]}},{"@class":"BoneInfo","index":3,"offset":{"values":[1.0,7.105427357601002e-15,2.384186927884002e-07,0.0,-4.8135191832443525e-08,-0.9794074892997742,0.20189355313777924,0.0,2.3350905564711866e-07,-0.20189356803894043,-0.9794074892997742,0.0,5.1601123374211966e-08,-0.4423658847808838,-0.2164306640625,1.0]}}],"id":{"uuid":"A58A7652-99D6-4830-9819-068BFFB1350E"}}